{"La Paz":(-68.15,-16.5), "Santa Cruz":( -63.18117,-17.78629), "Cochabamba":(-66.1568,-17.3895),
"Sucre":( -65.26274, -19.03332), "Oruro":( -67.15, -17.98333), "Tarija":( -64.72956, -21.53549),
"Beni":(-64.9, -14.83333), "Potosi":(-65.75306,-19.58361), "Pando":( -68.76918, -11.02671)}
